4772
563
8862
3306
68956
5809
2358
067
2198
72193
96915
90789
433055
28
861
45
4597
079
17757
930734
26722
53989
7908
50214
61812
4112
335139
54761
3800
63212
2551
194
691
56680
939
307
94
5590
96
2171363
975
4651
6
781462
69539
2
0341
276
13974
023
8471
74
0476
080
4
05326
0
583
114901
3
1396
541
0096
3672
1072
60
47446
174434
899
4843
9583
24527
712577
01734
11
0035
3602
47244
975
0917
09607
1231
09450
70070
46808
972
7908
23524786
516
23248
64013
9083
72050
623796
17
467
0911
92465
98727
443
0118
6134
520
857
766
91
146
90510
34462
95815
518
553
56
31060
704
485
3
012
35
440
2260
194371
0
556
2415170
88744
277
868054
331
187
94979
80
1157
9581120
437561
602
494
357
7745
7098
48645
2891
937
64
2
77590
58
397840
015
586
8007
7667
08503
644
342
4875
557
3642
409
563986
5811
310
7177
64
66
344491
75226
669
310
96647
554
28366
544416
18999
5138004
009
432
079
8045
5206
0179
127
43826
642
742791
19
86713
2404
6453
82985
94813
488512
8473
65
68324
7760
8242
46419
68886
7810431
3879
852
892
